% GRIDCOORDS  These are the grid coords reported in "111by147Grid.dat".  There
% are several evident problems.  First, there are 112 and 148, resp., values,
% and not "111by147".  Second, they are bizarrely spaced.  Do
%    >> gridcoords, plot(1:111,diff(gridlat),1:147,diff(gridlon))
% ELB 2/11/07

gridlat=[
-12.3325
-12.2592
-12.1984
-12.1376
-12.0768
-12.0159
-11.9551
-11.8943
-11.8335
-11.7727
-11.7118
-11.6471
-11.5823
-11.5175
-11.4528
-11.3880
-11.3259
-11.2639
-11.2018
-11.1397
-11.0776
-11.0155
-10.9534
-10.8914
-10.8293
-10.7672
-10.7051
-10.6428
-10.5806
-10.5183
-10.4560
-10.3937
-10.3315
-10.2692
-10.2069
-10.1447
-10.0824
-10.0201
-9.95785
-9.89557
-9.83330
-9.77103
-9.70876
-9.64649
-9.58421
-9.52194
-9.45967
-9.39911
-9.33855
-9.27798
-9.21742
-9.15686
-9.09630
-9.03573
-8.97517
-8.91461
-8.85405
-8.79348
-8.73292
-8.67236
-8.61180
-8.55123
-8.49067
-8.43011
-8.36595
-8.30179
-8.23763
-8.17347
-8.10931
-8.04516
-7.98100
-7.91684
-7.85268
-7.78852
-7.72436
-7.66416
-7.60397
-7.54377
-7.48358
-7.42338
-7.36318
-7.30299
-7.24279
-7.18121
-7.11963
-7.05805
-6.99647
-6.93489
-6.87331
-6.81173
-6.75015
-6.68857
-6.62699
-6.56541
-6.50383
-6.44034
-6.37685
-6.31335
-6.24986
-6.18637
-6.12287
-6.05938
-5.99589
-5.93240
-5.86890
-5.80541
-5.74192
-5.67842
-5.61493
-5.55144
-5.48795
-5.42445];

gridlon=[
-5.26168
-5.20165
-5.14161
-5.08157
-5.02154
-4.96150
-4.90146
-4.84143
-4.78139
-4.72136
-4.66132
-4.60128
-4.54125
-4.48121
-4.42117
-4.36114
-4.30110
-4.24106
-4.18103
-4.12099
-4.06095
-4.00092
-3.94088
-3.88084
-3.82081
-3.76077
-3.70074
-3.63910
-3.57747
-3.51584
-3.45420
-3.39257
-3.33094
-3.26930
-3.20767
-3.14604
-3.08440
-3.02277
-2.96114
-2.91196
-2.86214
-2.80956
-2.74867
-2.68778
-2.62689
-2.56600
-2.50511
-2.44423
-2.38334
-2.32245
-2.25993
-2.19742
-2.13490
-2.07239
-2.00987
-1.94735
-1.88484
-1.82232
-1.75981
-1.69729
-1.63477
-1.57226
-1.50974
-1.44723
-1.38471
-1.32219
-1.25968
-1.19602
-1.13237
-1.06871
-1.00505
-0.941399
-0.877743
-0.814087
-0.750432
-0.686776
-0.626311
-0.565845
-0.505380
-0.444915
-0.384450
-0.323984
-0.263519
-0.203054
-0.142589
-0.0821235
-0.0216582
0.0388070
0.0992722
0.159737
0.220203
0.280668
0.341133
0.401598
0.462064
0.522529
0.582994
0.643459
0.703925
0.764390
0.824855
0.885320
0.945786
1.00625
1.06672
1.12718
1.18765
1.24811
1.30858
1.36904
1.42951
1.48997
1.55044
1.61090
1.67137
1.73183
1.79230
1.85276
1.91323
1.97369
2.03416
2.09462
2.15509
2.21556
2.27602
2.33649
2.39695
2.45742
2.51788
2.57835
2.64892
2.71950
2.79007
2.86065
2.92099
2.98133
3.04168
3.10202
3.16237
3.22271
3.28306
3.34340
3.40375
3.46409
3.52443
3.58478
3.64512
3.72207];
